Lattice-based Group Signature Experiment Results
Generated: Mon  1 Dec 2025 09:48:00 +07
GPU Testing: Enabled
GPU Acceleration: Disabled
================================================================================

lambda,max_users,iteration,n,l,q,q_bits,k,m,m_E,beta,kappa,m_rows,m_cols,z_size,setup_time,user_keygen_time,sign_time,verify_time,trace_time,judge_time,param_size,gm_key_size,tm_key_size,user_key_size,sig_size,proof_size,gpu_ops,cpu_ops
32,128,1,32,7,3331,12,12,768,936,20,15,302,32171,32171,.204071000,.500056000,.514089000,.391507000,.406671000,.387783000,472880,9074,888975,20290,10763186,1281,0,0
32,256,1,32,8,3539,12,12,768,960,20,15,336,36109,36109,.364979000,1.161529000,.814820000,.687267000,.727463000,.638812000,473494,9072,971952,20290,12015178,1292,0,0
32,512,1,32,9,3557,12,12,768,984,20,15,370,40047,40047,.741357000,2.540177000,1.837549000,1.243143000,1.377543000,1.114166000,473441,9076,1056702,20288,13365466,1306,0,0
32,1024,1,32,10,3581,12,12,768,1008,20,15,404,43985,43985,1.974814000,5.459273000,2.524977000,2.802884000,2.477892000,2.383876000,473546,9075,1144534,20286,14535500,1317,0,0
32,2048,1,32,11,3631,12,12,768,1032,20,15,438,47923,47923,6.117434000,13.491822000,5.488108000,4.873493000,5.175867000,4.710780000,473714,9076,1235573,20285,15967781,1328,0,0
64,128,1,64,7,12799,14,14,1792,1988,40,24,590,74267,74267,.481476000,1.281565000,1.649768000,1.400569000,1.493758000,.949429000,2255653,20807,2971853,46807,40142374,2652,0,0
